000 000 0000000000000007
001 000 000000000000000C
000 010 0000000000000008
010 001 0000000000000020
001 010 0000000000001800
010 011 0000000000004000
011 011 0000000000000000
011 000 0000000000000000
000 001 0000001000000000
001 011 0000D00000000000
011 001 0000000000000000
001 100 0000000000000018
100 100 0000000000030000
100 000 0000000060000000
000 011 0000020000000000
011 100 0000000000000000
100 011 0000000000000C00
011 010 0000000000000000
010 010 0000040000000000
010 000 2000000000000000
000 100 0000000000040000
100 010 0000060000000000
010 100 1000000000000000
100 001 0000000000C00000
